286 0.0001980084
3473 0.0001957957
4951 0.0001924969
3890 0.0001910637
7365 0.0001889577
6359 0.0001876090
4352 0.0001820004
7032 0.0001814734
7541 0.0001810242
3699 0.0001804691
4877 0.0001785166
3242 0.0001766861
6503 0.0001757601
4221 0.0001749493
7293 0.0001742534
2276 0.0001739775
1189 0.0001739662
1441 0.0001715751
1866 0.0001707629
8602 0.0001703000
5012 0.0001702992
2342 0.0001701651
4660 0.0001695640
7353 0.0001689465
1237 0.0001688509
257 0.0001688411
8036 0.0001687079
8314 0.0001687070
7633 0.0001686060
2797 0.0001684664
6901 0.0001677482
5303 0.0001675340
9602 0.0001674871
7451 0.0001674166
2289 0.0001671723
6579 0.0001664578
1522 0.0001664486
7833 0.0001661658
7036 0.0001659594
3916 0.0001659104
1312 0.0001657179
2026 0.0001652947
8754 0.0001651323
9559 0.0001648338
3279 0.0001647729
4384 0.0001647413
5553 0.0001646449
248 0.0001645521
2568 0.0001644562
1279 0.0001644409
3683 0.0001636509
1169 0.0001635465
7016 0.0001632636
6180 0.0001631991
8914 0.0001631188
7846 0.0001631042
7497 0.0001628597
5798 0.0001624210
6898 0.0001624086
2730 0.0001621565
6655 0.0001621535
1890 0.0001621342
8065 0.0001621112
9287 0.0001619589
5421 0.0001616090
9367 0.0001614129
6500 0.0001613233
517 0.0001612859
8561 0.0001612575
4240 0.0001611906
5568 0.0001606471
3545 0.0001604470
8550 0.0001603901
200 0.0001602928
9747 0.0001599994
2645 0.0001597643
3145 0.0001597200
1490 0.0001596286
9043 0.0001594921
614 0.0001594920
8517 0.0001594814
1340 0.0001594644
70 0.0001591349
1798 0.0001590847
7220 0.0001587962
348 0.0001587955
1042 0.0001585336
7854 0.0001578138
9910 0.0001577971
8278 0.0001577852
472 0.0001576442
6158 0.0001576220
3340 0.0001575419
226 0.0001575357
6030 0.0001575047
1493 0.0001573739
8937 0.0001572455
9520 0.0001571800
3483 0.0001569863
2794 0.0001568793
